prox_angle,distal_angle
-1.9759874422902303e-05,0.019812460476512826
-0.000719368685978642,0.01898608892918714
-0.0014193645497773922,0.018159118536597293
-0.0021193605351996236,0.017332032682256585
-0.002819356483931588,0.01650483247738758
-0.003519352395934877,0.01567751883349987
-0.004219348271235842,0.014850092659684575
-0.004919344109860955,0.014022554862695883
-0.005619339911837048,0.013194906346955242
-0.006319335677190908,0.012367148014564816
-0.007019331405949661,0.011539280765298235
-0.007719327098140434,0.010711305496607922
-0.008419322753790634,0.009883223103637873
-0.00911931837292767,0.009055034479210047
-0.009819313955579282,0.008226740513846597
-0.010519309501773173,0.0073983420957594035
-0.011219305011537409,0.006569840110863311
-0.011919300484900013,0.005741235442772448
-0.012619295921889278,0.004912528972810211
-0.01331929132253355,0.004083721580007619
-0.014019286686861497,0.003254814141112229
-0.014719282014901766,0.002425807530590172
-0.015419277306683193,0.0015967026206231373
-0.016119272562234756,0.0007675002811205473
-0.016819267781585635,-6.179862027429356e-05
-0.017519262964765202,-0.0008911932181898492
-0.01821925811180272,-0.001720682649522606
-0.01891925322272792,-0.002550266053420945
-0.019619248297570453,-0.0033799425712926837
-0.02031924333636026,-0.004209711346800062
-0.021019238339127302,-0.005039571525851103
-0.02171923330590171,-0.005869522256603377
-0.022419228236713953,-0.0066995626894504785
-0.023119223131594247,-0.0075296919770243146
-0.023819217990573408,-0.008359909274194608
-0.024519212813681964,-0.009190213738057382
-0.025219207600950862,-0.010020604527937398
-0.025919202352411155,-0.01085108080537864
-0.026619197068093972,-0.011681641734148526
-0.027319191748030526,-0.01251228648022419
-0.028019186392252354,-0.013343014211801002
-0.028719181000790957,-0.014173824099273733
-0.029419175573678066,-0.015004715315248095
-0.03011917011094542,-0.015835687034526886
-0.030819164612625138,-0.01666673843410977
-0.03151915907874922,-0.017497868693184503
-0.032219153509349986,-0.018329076993136427
-0.032919147904459704,-0.019160362517533024
-0.03361914226411099,-0.019991724452115913
-0.03431913658833653,-0.020823161984814223
-0.0350191308771689,-0.021654674305726197
-0.035719125130641204,-0.022486260607119356
-0.03641911934878638,-0.023317920083430425
-0.03711911353163766,-0.024149651931255903
-0.0378191076792283,-0.024981455349355683
-0.03851910179159172,-0.02581332953863913
-0.03921909586876153,-0.026645273702169996
-0.03991908991077145,-0.0274772870451615
-0.04061908391765519,-0.028309368774965604
-0.041319077889446804,-0.029141518101079452
-0.042019071826180324,-0.02997373423513501
-0.04271906572788988,-0.03080601639089521
-0.0434190595946099,-0.0316383637842553
-0.044119053426374795,-0.03247077563323032
-0.044819047223219194,-0.03330325115796469
-0.04551904098517772,-0.03413578958071486
-0.04621903471228526,-0.03496839012585048
-0.046919028404576665,-0.035801052019856824
-0.047619022062087124,-0.03663377449131915
-0.04831901568485184,-0.037466556770931685
-0.049019009272906,-0.038299398091484804
-0.04971900282628515,-0.0391322976878617
-0.050418996345024766,-0.03996525479704205
-0.0511189898291606,-0.04079826865809141
-0.051818983278728456,-0.04163133851215958
-0.05251897669376414,-0.04246446360247472
-0.05321897007430387,-0.04329764317434414
-0.05391896342038367,-0.04413087647514863
-0.054618956732039835,-0.04496416275433575
-0.055318950009308726,-0.04579750126342311
-0.05601894325222692,-0.046630891255983346
-0.056718936460830996,-0.047464331987651806
-0.057418929635157684,-0.04829782271611994
-0.058118922775243886,-0.04913136270112559
-0.05881891588112647,-0.049964951204456765
-0.05951890895284263,-0.05079858748994048
-0.060218901990429424,-0.05163227082345056
-0.060918894993924305,-0.05246600047288864
-0.06161888796336456,-0.0532997757081961
-0.062318880898787836,-0.05413359580133712
-0.06301887380023168,-0.05496746002630449
-0.06371886666773387,-0.055801367659104914
-0.06441885950133237,-0.056635317977775344
-0.06511885230106498,-0.05746931026235374
-0.06581884506696983,-0.05830334379489886
-0.06651883779908524,-0.05913741785946513
-0.06721883049744928,-0.05997153174211705
-0.06791882316210053,-0.06080568473091745
-0.06861881579307746,-0.06163987611592031
-0.06931880839041869,-0.06247410518917519
-0.07001880095416294,-0.06330837124472179
-0.0707187934843489,-0.06414267357857531
-0.07141878598101574,-0.06497701148874094
-0.07211877844420245,-0.06581138427519866
-0.07281877087394809,-0.06664579123989364
-0.07351876327029183,-0.06748023168675399
-0.07421875563327318,-0.06831470492166376
-0.07491874796293149,-0.06914921025247414
-0.07561874025930641,-0.06998374698899257
-0.07631873252243747,-0.07081831444298371
-0.07701872475236454,-0.07165291192816216
-0.07771871694912742,-0.07248753876019005
-0.07841870911276605,-0.07332219425667606
-0.07911870124332052,-0.07415687773716668
-0.07981869334083093,-0.07499158852314651
-0.08051868540533758,-0.07582632593803366
-0.08121867743688083,-0.07666108930717387
-0.08191866943550113,-0.07749587795784342
-0.08261866140123893,-0.07833069121923535
-0.08331865333413496,-0.07916552842246488
-0.08401864523422989,-0.08000038890056246
-0.08471863710156462,-0.08083527198846847
-0.08541862893618003,-0.0816701770230348
-0.08611862073811724,-0.08250510334301123
-0.08681861250741718,-0.08334005028905465
-0.08751860424412117,-0.08417501720371444
-0.08821859594827042,-0.08501000343143873
-0.08891858761990652,-0.08584500831856054
-0.08961857925907078,-0.08668003121330312
-0.0903185708658048,-0.08751507146576899
-0.0910185624401502,-0.08835012842794451
-0.09171855398214881,-0.08918520145368583
-0.09241854549184256,-0.09002028989872575
-0.09311853696927318,-0.09085539312066411
-0.09381852841448288,-0.09169051047896705
-0.09451851982751369,-0.09252564133495823
-0.09521851120840766,-0.09336078505182487
-0.09591850255720735,-0.09419594099460375
-0.09661849387395494,-0.09503110853018616
-0.097318485158693,-0.09586628702730553
-0.09801847641146401,-0.09670147585654575
-0.09871846763231056,-0.09753667439032368
-0.0994184588212755,-0.09837188200289977
-0.10011844997840146,-0.09920709807036181
-0.10081844110373148,-0.10004232197062979
-0.10151843219730837,-0.10087755308344984
-0.10221842325917536,-0.10171279079039147
-0.10291841428937547,-0.10254803447483946
-0.10361840528795195,-0.10338328352199952
-0.10431839625494803,-0.10421853731888325
-0.10501838719040713,-0.10505379525431643
-0.10571837809437269,-0.1058890567189265
-0.10641836896688833,-0.10672432110514408
-0.10711835980799762,-0.10755958780719584
-0.1078183506177441,-0.10839485622110565
-0.10851834139617177,-0.10923012574468553
-0.10921833214332431,-0.1100653957775381
-0.10991832285924585,-0.11090066572104676
-0.11061831354398016,-0.11173593497837976
-0.11131830419757154,-0.11257120295447796
-0.112018294820064,-0.11340646905606053
-0.11271828541150182,-0.11424173269161149
-0.11341827597192927,-0.11507699327138679
-0.11411826650139081,-0.1159122502074042
-0.11481825699993085,-0.11674750291344098
-0.11551824746759393,-0.1175827508050303
-0.11621823790442476,-0.11841799329945824
-0.11691822831046782,-0.11925322981576272
-0.11761821868576798,-0.12008845977472632
-0.11831820903037008,-0.12092368259887377
-0.11901819934431894,-0.12175889771246909
-0.11971818962765962,-0.12259410454151706
-0.12041817988043704,-0.12342930251374773
-0.12111817010269643,-0.12426449105862418
-0.12181816029448295,-0.12509966960733562
-0.12251815045584172,-0.1259348375927929
-0.1232181405868182,-0.1267699944496265
-0.1239181306874577,-0.12760513961417982
-0.12461812075780566,-0.12844027252451307
-0.12531811079790775,-0.1292753926203911
-0.12601810080780934,-0.13011049934328658
-0.12671809078755608,-0.13094559213637252
-0.12741808073719385,-0.13178067044452502
-0.12811807065676847,-0.13261573371430913
-0.1288180605463255,-0.13345078139398742
-0.12951805040591122,-0.13428581293350794
-0.13021804023557126,-0.1351208277845033
-0.130918030035352,-0.13595582540029472
-0.13161801980529914,-0.13679080523587445
-0.1323180095454592,-0.13762576674791335
-0.13301799925587832,-0.13846070939475633
-0.13371798893660283,-0.13929563263640993
-0.1344179785876788,-0.1401305359345565
-0.135117968209153,-0.1409654187525298
-0.13581795780107164,-0.14180028055533347
-0.13651794736348152,-0.1426351208096158
-0.13721793689642903,-0.14346993898368665
-0.13791792639996087,-0.14430473454749598
-0.13861791587412378,-0.14513950697264724
-0.1393179053189645,-0.14597425573238187
-0.14001789473453,-0.14680898030157935
-0.14071788412086686,-0.147643680156762
-0.1414178734780223,-0.14847835477607402
-0.14211786280604333,-0.14931300363929864
-0.14281785210497683,-0.1501476262278391
-0.14351784137487,-0.1509822220247245
-0.1442178306157701,-0.15181679051460398
-0.1449178198277241,-0.15265133118373675
-0.1456178090107796,-0.1534858435200056
-0.14631779816498375,-0.15432032701289192
-0.1470177872903838,-0.15515478115349432
-0.14771777638702752,-0.15598920543450495
-0.14841776545496213,-0.1568235993502249
-0.14911775449423534,-0.15765796239654428
-0.14981774350489463,-0.1584922940709545
-0.15051773248698788,-0.1593265938725295
-0.15121772144056247,-0.16016086130193916
-0.15191771036566626,-0.16099509586143107
-0.15261769926234717,-0.16182929705483626
-0.15331768813065288,-0.16266346438756527
-0.15401767697063148,-0.16349759736659766
-0.15471766578233076,-0.16433169550049195
-0.15541765456579879,-0.16516575829936847
-0.1561176433210837,-0.16599978527491652
-0.15681763204823335,-0.1668337759403854
-0.1575176207472961,-0.1676677298105852
-0.15821760941832005,-0.16850164640188017
-0.15891759806135347,-0.16933552523218467
-0.15961758667644457,-0.17016936582096837
-0.16031757526364182,-0.17100316768924467
-0.16101756382299343,-0.17183693035956807
-0.16171755235454774,-0.1726706533560331
-0.16241754085835367,-0.17350433620427383
-0.1631175293344592,-0.1743379784314589
-0.16381751778291315,-0.17517157956628499
-0.16451750620376399,-0.17600513913897414
-0.1652174945970605,-0.17683865668127746
-0.16591748296285133,-0.17767213172646673
-0.16661747130118512,-0.17850556380933197
-0.1673174596121106,-0.1793389524661739
-0.1680174478956769,-0.18017229723481243
-0.16871743615193222,-0.18100559765457247
-0.1694174243809262,-0.18183885326628443
-0.17011741258270718,-0.18267206361228755
-0.17081740075732438,-0.18350522823641044
-0.17151738890482687,-0.18433834668398727
-0.17221737702526357,-0.18517141850184432
-0.17291736511868352,-0.18600444323829587
-0.17361735318513605,-0.18683742044314838
-0.17431734122467016,-0.1876703496676884
-0.1750173292373349,-0.1885032304646883
-0.17571731722317976,-0.1893360623883954
-0.17641730518225404,-0.19016884499453396
-0.17711729311460672,-0.19100157784030342
-0.17781728102028743,-0.19183426048437058
-0.17851726889934558,-0.19266689248686703
-0.1792172567518304,-0.19349947340939247
-0.17991724457779137,-0.1943320028150064
-0.1806172323772781,-0.1951644802682207
-0.18131722015033985,-0.19599690533501019
-0.18201720789702658,-0.19682927758279398
-0.18271719561738745,-0.19766159658044338
-0.1834171833114723,-0.1984938618982792
-0.1841171709793307,-0.1993260731080572
-0.18481715862101236,-0.2001582297829805
-0.185517146236567,-0.20099033149768247
-0.1862171338260443,-0.20182237782823884
-0.18691712138949412,-0.20265436835214795
-0.18761710892696631,-0.20348630264834258
-0.18831709643851055,-0.20431818029717586
-0.1890170839241768,-0.20515000088042645
-0.18971707138401495,-0.2059817639812936
-0.19041705881807494,-0.20681346918438767
-0.19111704622640663,-0.20764511607573966
-0.19181703360906005,-0.20847670424278472
-0.1925170209660853,-0.2093082332743732
-0.1932170082975322,-0.21013970276075286
-0.193916995603451,-0.21097111229357696
-0.1946169828838917,-0.2118024614658999
-0.19531697013890445,-0.21263374987216685
-0.19601695736853944,-0.21346497710822285
-0.1967169445728467,-0.21429614277129905
-0.1974169317518766,-0.2151272464600184
-0.1981169189056792,-0.21595828777438286
-0.19881690603430482,-0.21678926631578208
-0.19951689313780382,-0.2176201816869823
-0.20021688021622636,-0.21845103349212452
-0.20091686726962266,-0.21928182133672802
-0.20161685429804338,-0.22011254482767773
-0.2023168413015384,-0.22094320357323097
-0.2030168282801587,-0.22177379718300588
-0.20371681523395418,-0.22260432526798624
-0.2044168021629755,-0.22343478744051268
-0.2051167890672731,-0.22426518331428538
-0.20581677594689726,-0.22509551250435653
-0.20651676280189887,-0.22592577462712857
-0.2072167496323282,-0.22675596930035313
-0.20791673643823558,-0.22758609614313002
-0.20861672321967195,-0.22841615477589702
-0.20931670997668772,-0.22924614482043582
-0.21001669670933348,-0.23007606589986293
-0.21071668341765967,-0.23090591763863036
-0.21141667010171716,-0.2317356996625222
-0.2121166567615565,-0.23256541159865085
-0.2128166433972284,-0.23339505307545486
-0.21351663000878346,-0.23422462372269587
-0.21421661659627242,-0.23505412317145938
-0.21491660315974603,-0.23588355105414405
-0.21561658969925504,-0.23671290700446782
-0.21631657621484993,-0.23754219065745988
-0.21701656270658196,-0.2383714016494576
-0.21771654917450153,-0.23920053961810908
-0.2184165356186595,-0.240029604202363
-0.21911652203910678,-0.24085859504247392
-0.21981650843589406,-0.24168751177999265
-0.2205164948090723,-0.2425163540577674
-0.22121648115869227,-0.24334512151993837
-0.2219164674848049,-0.24417381381194106
-0.222616453787461,-0.24500243058049612
-0.22331644006671153,-0.24583097147361083
-0.22401642632260738,-0.24665943614057428
-0.22471641255519928,-0.2474878242319574
-0.22541639876453845,-0.24831613539960923
-0.22611638495067582,-0.2491443692966527
-0.22681637111366193,-0.2499725255774854
-0.2275163572535482,-0.2508006038977712
-0.2282163433703855,-0.25162860391444397
-0.22891632946422458,-0.252456525285703
-0.22961631553511674,-0.25328436767100854
-0.23031630158311267,-0.25411213073107736
-0.2310162876082637,-0.25493981412788697
-0.2317162736106207,-0.2557674175246676
-0.23241625959023468,-0.2565949405859036
-0.2331162455471567,-0.2574223829773228
-0.2338162314814378,-0.2582497443659039
-0.234516217393129,-0.25907702441986813
-0.2352162032822814,-0.2599042228086794
-0.23591618914894605,-0.2607313392030367
-0.23661617499317408,-0.2615583732748786
-0.23731616081501652,-0.26238532469737763
-0.2380161466145245,-0.2632121931449338
-0.23871613239174896,-0.26403897829318146
-0.23941611814674127,-0.26486567981896997
-0.24011610387955226,-0.2656922974003867
-0.24081608959023323,-0.26651883071673166
-0.24151607527883526,-0.26734527944851927
-0.24221606094540943,-0.26817164327748816
-0.2429160465900068,-0.2689979218865864
-0.24361603221267852,-0.26982411495997266
-0.24431601781347595,-0.27065022218301377
-0.2450160033924499,-0.27147624324228586
-0.24571598894965171,-0.2723021778255621
-0.24641597448513242,-0.27312802562182137
-0.24711595999894312,-0.2739537863212397
-0.24781594549113523,-0.27477945961518796
-0.24851593096175956,-0.2756050451962315
-0.2492159164108675,-0.2764305427581242
-0.24991590183851,-0.277255951995813
-0.2506158872447382,-0.2780812726054258
-0.2513158726296036,-0.2789065042842759
-0.252015857993157,-0.27973164673086054
-0.2527158433354497,-0.28055669964485136
-0.2534158286565328,-0.28138166272709636
-0.2541158139564575,-0.2822065356796215
-0.254815799235275,-0.2830313182056179
-0.2555157844930359,-0.2838560100094507
-0.2562157697297923,-0.28468061079665063
-0.25691575494559465,-0.2855051202739083
-0.25761574014049426,-0.2863295381490818
-0.25831572531454244,-0.28715386413118255
-0.25901571046779015,-0.2879780979303854
-0.25971569560028857,-0.28880223925801446
-0.26041568071208865,-0.2896262878265457
-0.26111566580324197,-0.29045024334960884
-0.2618156508737993,-0.29127410554197897
-0.2625156359238118,-0.29209787411957133
-0.2632156209533305,-0.29292154879945115
-0.2639156059624069,-0.29374512929982177
-0.26461559095109155,-0.294568615340019
-0.26531557591943605,-0.29539200664052156
-0.26601556086749123,-0.2962153029229363
-0.2667155457953083,-0.29703850391000247
-0.2674155307029385,-0.29786160932558725
-0.2681155155904326,-0.29868461889468434
-0.26881550045784175,-0.29950753234340927
-0.26951548530521713,-0.3003303493990047
-0.27021547013260977,-0.3011530697898226
-0.2709154549400704,-0.3019756932453405
-0.2716154397276507,-0.30279821949614666
-0.27231542449540125,-0.3036206482739427
-0.27301540924337325,-0.3044429793115391
-0.27371539397161776,-0.3052652123428531
-0.27441537868018573,-0.30608734710290814
-0.27511536336912806,-0.3069093833278318
-0.2758153480384959,-0.3077313207548486
-0.2765153326883402,-0.30855315912228853
-0.27721531731871174,-0.309374898169568
-0.2779153019296621,-0.31019653763720606
-0.2786152865212416,-0.3110180772668078
-0.2793152710935013,-0.3118395168010696
-0.28001525564649243,-0.3126608559837768
-0.2807152401802657,-0.31348209455979525
-0.28141522469487196,-0.31430323227507656
-0.28211520919036254,-0.3151242688766514
-0.28281519366678776,-0.31594520411262944
-0.2835151781241992,-0.31676603773219675
-0.284215162562647,-0.31758676948561043
-0.28491514698218234,-0.31840739912420174
-0.2856151313828562,-0.31922792640037057
-0.2863151157647192,-0.3200483510675811
-0.28701510012782233,-0.3208686728803678
-0.2877150844722163,-0.32168889159432146
-0.28841506879795187,-0.3225090069660992
-0.2891150531050801,-0.3233290187534106
-0.28981503739365155,-0.3241489267150271
-0.29051502166371684,-0.32496873061076825
-0.2912150059153271,-0.3257884302015125
-0.2919149901485325,-0.32660802524917815
-0.29261497436338435,-0.3274275155167402
-0.29331495855993295,-0.32824690076821283
-0.2940149427382292,-0.32906618076865757
-0.2947149268983235,-0.3298853552841715
-0.29541491104026707,-0.33070442408189543
-0.2961148951641098,-0.3315233869300027
-0.29681487926990296,-0.3323422435977071
-0.2975148633576967,-0.333160993855248
-0.298214847427542,-0.3339796374738978
-0.29891483147948916,-0.33479817422595676
-0.29961481551358854,-0.3356166038847536
-0.30031479952989126,-0.33643492622463683
-0.3010147835284474,-0.3372531410209793
-0.3017147675093077,-0.33807124805017236
-0.3024147514725225,-0.33888924708962515
-0.303114735418142,-0.3397071379177617
-0.3038147193462173,-0.3405249203140204
-0.3045147032567984,-0.3413425940588521
-0.3052146871499358,-0.3421601589337133
-0.30591467102568004,-0.34297761472106963
-0.306614654884081,-0.34379496120439246
-0.3073146387251897,-0.3446121981681563
-0.3080146225490563,-0.345429325397833
-0.3087146063557307,-0.34624634267989907
-0.30941459014526346,-0.347063249801821
-0.3101145739177051,-0.34788004655206634
-0.31081455767310545,-0.3486967327200931
-0.3115145414115151,-0.34951330809634656
-0.312214525132984,-0.35032977247226743
-0.3129145088375627,-0.35114612564027564
-0.31361449252530077,-0.35196236739378123
-0.31431447619624886,-0.3527784975271747
-0.3150144598504571,-0.35359451583582663
-0.31571444348797556,-0.35441042211608714
-0.316414427108854,-0.3552262161652817
-0.3171144107131427,-0.35604189778171313
-0.31781439430089176,-0.3568574667646538
-0.31851437787215153,-0.3576729229143464
-0.3192143614269711,-0.3584882660320033
-0.31991434496540133,-0.3593034959198045
-0.32061432848749166,-0.360118612380894
-0.32131431199329213,-0.3609336152193782
-0.32201429548285293,-0.36174850424032123
-0.3227142789562233,-0.36256327924975185
-0.3234142624134537,-0.36337794005465035
-0.32411424585459386,-0.3641924864629541
-0.32481422927969333,-0.36500691828355414
-0.32551421268880226,-0.36582123532629046
-0.32621419608197005,-0.3666354374019507
-0.3269141794592466,-0.36744952432227257
-0.32761416282068156,-0.36826349589994
-0.32831414616632476,-0.3690773519485755
-0.3290141294962257,-0.36989109228274525
-0.3297141128104339,-0.3707047167179547
-0.330414096108999,-0.3715182250706472
-0.33111407939197113,-0.3723316171581993
-0.3318140626593991,-0.3731448927989244
-0.3325140459113328,-0.3739580518120647
-0.33321402914782167,-0.374771094017793
-0.33391401236891527,-0.3755840192372119
-0.33461399557466276,-0.37639682729234614
-0.3353139787651139,-0.3772095180061463
-0.3360139619403181,-0.37802209120248936
-0.3367139451003244,-0.37883454670616534
-0.33741392824518207,-0.3796468843428856
-0.3381139113749408,-0.38045910393928245
-0.3388138944896498,-0.3812712053228962
-0.3395138775893584,-0.38208318832218424
-0.34021386067411546,-0.38289505276651176
-0.34091384374397027,-0.38370679848615685
-0.3416138267989722,-0.38451842531230407
-0.3423138098391701,-0.3853299330770402
-0.3430137928646137,-0.3861413216133611
-0.34371377587535107,-0.38695259075515787
-0.3444137588714322,-0.38776374033722744
-0.3451137418529057,-0.3885747701952625
-0.34581372481982064,-0.3893856801658525
-0.3465137077722259,-0.3901964700864813
-0.3472136907101702,-0.39100713979552254
-0.34791367363370285,-0.3918176891322467
-0.34861365654287263,-0.39262811793680935
-0.34931363943772825,-0.3934384260502555
-0.35001362231831856,-0.39424861331451244
-0.35071360518469213,-0.3950586795723953
-0.3514135880368981,-0.3958686246675974
-0.35211357087498485,-0.39667844844469546
-0.3528135536990015,-0.39748815074914406
-0.3535135365089961,-0.39829773142727054
-0.3542135193050179,-0.3991071903262833
-0.35491350208711486,-0.399916527294259
-0.35561348485533584,-0.40072574218014817
-0.3563134676097294,-0.40153483483377095
-0.35701345035034376,-0.402343805105813
-0.35771343307722797,-0.4031526528478275
-0.3584134157904299,-0.40396137791223435
-0.3591133984899982,-0.404769980152313
-0.359813381175981,-0.40557845942220455
-0.36051336384842664,-0.4063868155769088
-0.36121334650738385,-0.40719504847228427
-0.3619133291529005,-0.4080031579650467
-0.3626133117850248,-0.4088111439127601
-0.36331329440380494,-0.4096190061738481
-0.3640132770092895,-0.41042674460757905
-0.364713259601526,-0.4112343590740741
-0.36541324218056276,-0.41204184943429945
-0.366113224746448,-0.4128492155500657
-0.3668132072992293,-0.4136564572840327
-0.36751318983895537,-0.41446357449969407
-0.3682131723656734,-0.41527056706139276
-0.3689131548794318,-0.416077434834307
-0.3696131373802784,-0.41688417768444613
-0.37031311986826065,-0.41769079547866445
-0.3710131023434268,-0.4184972880846446
-0.37171308480582427,-0.41930365537090397
-0.3724130672555012,-0.4201098972067869
-0.37311304969250497,-0.4209160134624707
-0.3738130321168834,-0.42172200400895593
-0.3745130145286841,-0.42252786871807285
-0.37521299692795435,-0.42333360746247134
-0.37591297931474216,-0.42413922011562766
-0.37661296168909497,-0.4249447065518341
-0.3773129440510598,-0.4257500666462067
-0.3780129264006849,-0.426555300274675
-0.37871290873801705,-0.4273604073139869
-0.37941289106310394,-0.42816538764170314
-0.3801128733759924,-0.42897024113619614
-0.3808128556767302,-0.42977496767665263
-0.3815128379653646,-0.4305795671430647
-0.3822128202419428,-0.4313840394162352
-0.3829128025065117,-0.4321883843777702
-0.3836127847591187,-0.4329926019100836
-0.3843127669998109,-0.4337966918963884
-0.3850127492286352,-0.43460065422070293
-0.385712731445639,-0.435404488767843
-0.38641271365086854,-0.4362081954234236
-0.38711269584437163,-0.43701177407385344
-0.38781267802619496,-0.43781522460634165
-0.388512660196385,-0.4386185469088877
-0.3892126423549888,-0.43942174087028224
-0.3899126245020534,-0.4402248063801072
-0.3906126066376252,-0.44102774332873457
-0.3913125887617513,-0.44183055160732304
-0.392012570874478,-0.4426332311078141
-0.39271255297585217,-0.4434357817229404
-0.3934125350659202,-0.44423820334620806
-0.39411251714472895,-0.445040495871913
-0.39481249921232486,-0.44584265919512595
-0.3955124812687543,-0.44664469321169575
-0.3962124633140636,-0.44744659781825097
-0.3969124453482993,-0.44824837291219116
-0.397612427371508,-0.4490500183916931
-0.3983124093837357,-0.44985153415570406
-0.39901239138502886,-0.45065292010394115
-0.39971237337543336,-0.4514541761368915
-0.4004123553549958,-0.4522553021558106
-0.40111233732376206,-0.45305629806271824
-0.40181231928177863,-0.4538571637604002
-0.4025123012290914,-0.45465789915240495
-0.40321228316574614,-0.4554585041430421
-0.403912265091789,-0.45625897863738163
-0.404612247007266,-0.4570593225412535
-0.4053122289122233,-0.45785953576124405
-0.40601221080670635,-0.45865961820469353
-0.4067121926907612,-0.4594595697796994
-0.40741217456443335,-0.460259390395111
-0.40811215642776866,-0.46105907996052886
-0.4088121382808132,-0.46185863838630375
-0.40951212012361204,-0.46265806558353423
-0.41021210195621144,-0.46345736146406574
-0.41091208377865635,-0.464256525940492
-0.41161206559099256,-0.46505555892614664
-0.41231204739326577,-0.46585446033511085
-0.4130120291855209,-0.46665323008220294
-0.4137120109678041,-0.46745186808298494
-0.41441199274016,-0.4682503742537541
-0.415111974502634,-0.469048748511546
-0.41581195625527195,-0.46984699077413417
-0.4165119379981186,-0.4706451009600223
-0.41721191973121907,-0.47144307898844984
-0.41791190145461893,-0.47224092477938745
-0.41861188316836273,-0.47303863825353487
-0.41931186487249583,-0.47383621933232256
-0.42001184656706336,-0.4746336679379045
-0.42071182825211,-0.4754309839931651
-0.4214118099276809,-0.47622816742171065
-0.4221117915938209,-0.47702521814787197
-0.42281177325057456,-0.47782213609670104
-0.4235117548979869,-0.47861892119397
-0.42421173653610283,-0.47941557336617124
-0.4249117181649668,-0.4802120925405126
-0.4256116997846233,-0.4810084786449219
-0.42631168139511744,-0.48180473160803855
-0.4270116629964935,-0.48260085135921793
-0.42771164458879585,-0.48339683782852644
-0.42841162617206924,-0.48419269094674294
-0.4291116077463579,-0.4849884106453545
-0.42981158931170643,-0.48578399685655804
-0.43051157086815905,-0.486579449513255
-0.4312115524157599,-0.48737476854905504
-0.4319115339545533,-0.48816995389827167
-0.4326115154845836,-0.48896500549592015
-0.43331149700589505,-0.48975992327771917
-0.43401147851853145,-0.49055470718008765
-0.4347114600225371,-0.4913493571401414
-0.43541144151795586,-0.4921438730956982
-0.4361114230048318,-0.49293825498526833
-0.43681140448320904,-0.4937325027480584
-0.43751138595313077,-0.49452661632397127
-0.4382113674146417,-0.495320595653599
-0.43891134886778516,-0.496114440678229
-0.4396113303126052,-0.4969081513398331
-0.44031131174914484,-0.4977017275810785
-0.4410112931774482,-0.49849516934531624
-0.44171127459755904,-0.49928847657658265
-0.4424112560095207,-0.5000816492196017
-0.44311123741337666,-0.5008746872197809
-0.44381121880917057,-0.5016675905232075
-0.44451120019694584,-0.5024603590766547
-0.44521118157674544,-0.5032529928275695
-0.4459111629486132,-0.5040454917240837
-0.446611144312592,-0.5048378557150017
-0.44731112566872544,-0.505630084749809
-0.4480111070170566,-0.506422178778662
-0.44871108835762835,-0.507214137752393
-0.44941106969048394,-0.5080059616225064
-0.45011105101566634,-0.5087976503411763
-0.450811032333219,-0.5095892038612506
-0.4515110136431842,-0.5103806221362426
-0.4522109949456051,-0.5111719051203352
-0.4529109762405248,-0.5119630527683765
-0.45361095752798575,-0.5127540650358816
-0.454310938808031,-0.513544941879029
-0.4550109200807029,-0.5143356832546572
-0.45571090134604453,-0.5151262891202721
-0.45641088260409796,-0.5159167594340357
-0.45711086385490624,-0.5167070941547691
-0.45781084509851155,-0.5174972932419544
-0.45851082633495677,-0.5182873566557291
-0.459210807564284,-0.5190772843568854
-0.4599107887865357,-0.5198670763068721
-0.4606107700017542,-0.5206567324677905
-0.46131075120998155,-0.5214462528023934
-0.4620107324112603,-0.5222356372740843
-0.46271071360563254,-0.5230248858469201
-0.46341069479314023,-0.523813998485601
-0.4641106759738255,-0.5246029751554819
-0.4648106571477306,-0.5253918158225557
-0.46551063831489725,-0.5261805204534664
-0.46621061947536757,-0.5269690890155027
-0.4669106006291833,-0.5277575214765909
-0.46761058177638626,-0.5285458178053046
-0.4683105629170183,-0.5293339779708554
-0.46901054405112114,-0.5301220019430963
-0.46971052517873657,-0.5309098896925162
-0.470410506299906,-0.5316976411902448
-0.47111048741467126,-0.5324852564080427
-0.47181046852307346,-0.5332727353183134
-0.47251044962515487,-0.5340600778940867
-0.4732104307209564,-0.5348472841090319
-0.47391041181051935,-0.5356343539374442
-0.47461039289388524,-0.5364212873542532
-0.4753103739710952,-0.5372080843350173
-0.47601035504219064,-0.5379947448559242
-0.4767103361072127,-0.5387812688937863
-0.4774103171662025,-0.5395676564260461
-0.47811029821920115,-0.5403539074307695
-0.47881027926624975,-0.5411400218866456
-0.479510260307389,-0.5419259997729875
-0.4802102413426604,-0.5427118410697309
-0.4809102223721044,-0.5434975457574328
-0.4816102033957618,-0.5442831138172677
-0.4823101844136737,-0.5450685452310322
-0.4830101654258805,-0.5458538399811382
-0.48371014643242327,-0.5466389980506162
-0.4844101274333421,-0.5474240194231096
-0.48511010842867813,-0.54820890408288
-0.4858100894184717,-0.5489936520148007
-0.48651007040276323,-0.5497782632043555
-0.48721005138159335,-0.5505627376376452
-0.48791003235500213,-0.5513470753013757
-0.4886100133230301,-0.5521312761828645
-0.48930999428571736,-0.5529153402700383
-0.4900099752431045,-0.5536992675514295
-0.49070995619523133,-0.5544830580161774
-0.4914099371421384,-0.5552667116540276
-0.4921099180838654,-0.5560502284553297
-0.4928098990204524,-0.5568336084110365
-0.4935098799519397,-0.5576168515127012
-0.4942098608783668,-0.5583999577524814
-0.49490984179977393,-0.5591829271231332
-0.49560982271620074,-0.5599657596180136
-0.49630980362768706,-0.560748455231076
-0.49700978453427236,-0.5615310139568708
-0.4977097654359966,-0.562313435790547
-0.4984097463328995,-0.5630957207278482
-0.49910972722502045,-0.5638778687651118
-0.499809708112399,-0.564659879899269
-0.5005096889950746,-0.5654417541278418
-0.5012096698730866,-0.5662234914489479
-0.5019096507464744,-0.5670050918612904
-0.5026096316152774,-0.5677865553641651
-0.5033096124795351,-0.5685678819574567
-0.5040095933392856,-0.5693490716416334
-0.5047095741945697,-0.5701301244177576
-0.5054095550454254,-0.5709110402874683
-0.5061095358918921,-0.5716918192529982
-0.5068095167340086,-0.5724724613171551
-0.507509497571814,-0.5732529664833366
-0.5082094784053474,-0.5740333347555197
-0.5089094592346471,-0.574813566138263
-0.5096094400597525,-0.5755936606367024
-0.5103094208807021,-0.5763736182565582
-0.5110094016975345,-0.5771534390041225
-0.5117093825102885,-0.5779331228862719
-0.5124093633190026,-0.5787126699104533
-0.5131093441237154,-0.5794920800846923
-0.5138093249244651,-0.5802713534175886
-0.5145093057212903,-0.5810504899183146
-0.5152092865142295,-0.581829489596616
-0.5159092673033212,-0.582608352462812
-0.5166092480886033,-0.5833870785277893
-0.5173092288701142,-0.5841656678030084
-0.5180092096478919,-0.584944120300496
-0.5187091904219752,-0.5857224360328498
-0.5194091711924008,-0.5865006150132318
-0.5201091519592079,-0.5872786572553742
-0.5208091327224347,-0.588056562773572
-0.521509113482118,-0.5888343315826862
-0.5222090942382963,-0.589611963698142
-0.5229090749910071,-0.5903894591359262
-0.5236090557402885,-0.591166817912589
-0.5243090364861778,-0.5919440400452421
-0.5250090172287132,-0.5927211255515573
-0.5257089979679319,-0.5934980744497665
-0.5264089787038716,-0.5942748867586586
-0.5271089594365693,-0.5950515624975831
-0.5278089401660636,-0.5958281016864447
-0.5285089208923905,-0.5966045043457058
-0.5292089016155882,-0.5973807704963819
-0.5299088823356939,-0.598156900160047
-0.5306088630527446,-0.5989328933588238
-0.5313088437667777,-0.5997087501153909
-0.53200882447783,-0.6004844704529795
-0.5327088051859391,-0.601260054395372
-0.5334087858911416,-0.602035501966899
-0.5341087665934744,-0.6028108131924437
-0.5348087472929749,-0.603585988097435
-0.5355087279896791,-0.6043610267078532
-0.5362087086836249,-0.6051359290502223
-0.5369086893748483,-0.6059106951516166
-0.537608670063386,-0.6066853250396534
-0.5383086507492749,-0.6074598187424953
-0.5390086314325522,-0.6082341762888501
-0.5397086121132534,-0.6090083977079661
-0.5404085927914152,-0.6097824830296372
-0.5411085734670739,-0.6105564322841968
-0.541808554140267,-0.611330245502521
-0.5425085348110297,-0.6121039227160251
-0.5432085154793986,-0.6128774639566643
-0.5439084961454096,-0.6136508692569301
-0.5446084768090999,-0.6144241386498563
-0.5453084574705047,-0.6151972721690093
-0.54600843812966,-0.6159702698484947
-0.5467084187866025,-0.6167431317229519
-0.5474083994413681,-0.6175158578275569
-0.5481083800939918,-0.6182884481980166
-0.5488083607445106,-0.619060902870577
-0.549508341392959,-0.6198332218820107
-0.5502083220393741,-0.6206054052696238
-0.5509083026837911,-0.6213774530712559
-0.5516082833262455,-0.6221493653252756
-0.5523082639667727,-0.6229211420705802
-0.5530082446054086,-0.6236927833465957
-0.5537082252421888,-0.6244642891932789
-0.5544082058771482,-0.62523565965111
-0.5551081865103228,-0.6260068947610998
-0.5558081671417475,-0.6267779945647843
-0.5565081477714573,-0.6275489591042226
-0.5572081283994887,-0.6283197884220026
-0.5579081090258751,-0.6290904825612305
-0.5586080896506529,-0.6298610415655406
-0.559308070273857,-0.630631465479088
-0.560008050895522,-0.6314017543465488
-0.5607080315156825,-0.6321719082131216
-0.5614080121343743,-0.6329419271245242
-0.5621079927516319,-0.6337118111269949
-0.5628079733674903,-0.6344815602672923
-0.5635079539819837,-0.6352511745926922
-0.5642079345951472,-0.6360206541509862
-0.5649079152070151,-0.6367899989904857
-0.5656078958176227,-0.6375592091600194
-0.5663078764270038,-0.6383282847089282
-0.5670078570351929,-0.6390972256870701
-0.567707837642225,-0.6398660321448179
-0.5684078182481342,-0.6406347041330578
-0.5691077988529548,-0.6414032417031879
-0.5698077794567205,-0.6421716449071204
-0.5705077600594659,-0.6429399137972792
-0.5712077406612256,-0.6437080484265981
-0.5719077212620336,-0.6444760488485234
-0.572607701861923,-0.6452439151170092
-0.5733076824609294,-0.6460116472865197
-0.5740076630590856,-0.6467792454120291
-0.5747076436564255,-0.6475467095490176
-0.5754076242529833,-0.6483140397534722
-0.5761076048487928,-0.6490812360818908
-0.5768075854438875,-0.6498482985912725
-0.5775075660383011,-0.650615227339125
-0.5782075466320674,-0.6513820223834602
-0.5789075272252202,-0.6521486837827949
-0.5796075078177921,-0.6529152115961473
-0.5803074884098178,-0.6536816058830411
-0.5810074690013297,-0.6544478667035026
-0.5817074495923615,-0.6552139941180571
-0.5824074301829468,-0.6559799881877363
-0.5831074107731187,-0.6567458489740676
-0.5838073913629105,-0.6575115765390815
-0.5845073719523548,-0.6582771709453068
-0.5852073525414846,-0.6590426322557708
-0.5859073331303339,-0.6598079605340026
-0.5866073137189349,-0.6605731558440251
-0.5873072943073211,-0.6613382182503619
-0.588007274895525,-0.6621031478180301
-0.5887072554835796,-0.6628679446125436
-0.5894072360715176,-0.6636326086999144
-0.5901072166593719,-0.6643971401466474
-0.5908071972471746,-0.6651615390197433
-0.5915071778349589,-0.6659258053866943
-0.5922071584227574,-0.6666899393154889
-0.5929071390106021,-0.6674539408746065
-0.5936071195985262,-0.6682178101330197
-0.5943071001865605,-0.6689815471601936
-0.5950070807747397,-0.669745152026083
-0.5957070613630941,-0.6705086248011333
-0.5964070419516572,-0.6712719655562821
-0.5971070225404606,-0.6720351743629548
-0.5978070031295367,-0.6727982512930686
-0.5985069837189172,-0.6735611964190241
-0.5992069643086344,-0.6743240098137147
-0.5999069448987207,-0.6750866915505205
-0.6006069254892067,-0.675849241703308
-0.601306906080126,-0.6766116603464297
-0.6020068866715094,-0.6773739475547255
-0.6027068672633886,-0.6781361034035207
-0.6034068478557958,-0.6788981279686244
-0.6041068284487617,-0.6796600213263306
-0.6048068090423199,-0.6804217835534214
-0.6055067896365002,-0.681183414727156
-0.6062067702313343,-0.6819449149252814
-0.6069067508268541,-0.682706284226025
-0.6076067314230907,-0.683467522708097
-0.608306712020076,-0.6842286304506916
-0.6090066926178407,-0.6849896075334798
-0.609706673216416,-0.6857504540366175
-0.6104066538158331,-0.686511170040738
-0.6111066344161237,-0.6872717556269559
-0.6118066150173188,-0.6880322108768656
-0.6125065956194492,-0.6887925358725402
-0.6132065762225453,-0.6895527306965292
-0.6139065568266386,-0.6903127954318632
-0.6146065374317602,-0.6910727301620491
-0.6153065180379402,-0.6918325349710704
-0.6160064986452102,-0.6925922099433893
-0.6167064792535999,-0.6933517551639413
-0.6174064598631415,-0.6941111707181405
-0.618106440473864,-0.6948704566918741
-0.6188064210857986,-0.6956296131715075
-0.619506401698976,-0.6963886402438773
-0.6202063823134266,-0.697147537996297
-0.6209063629291807,-0.6979063065165511
-0.6216063435462679,-0.6986649458928996
-0.6223063241647201,-0.6994234562140764
-0.6230063047845662,-0.7001818375692844
-0.6237062854058366,-0.700940090048201
-0.624406266028562,-0.7016982137409752
-0.6251062466527719,-0.7024562087382278
-0.6258062272784968,-0.7032140751310486
-0.626506207905766,-0.7039718130110003
-0.6272061885346101,-0.7047294224701146
-0.627906169165059,-0.7054869036008923
-0.6286061497971417,-0.7062442564963062
-0.6293061304308892,-0.7070014812497946
-0.6300061110663296,-0.707758577955266
-0.6307060917034943,-0.7085155467071013
-0.6314060723424114,-0.7092723876001399
-0.632106052983112,-0.7100291007296993
-0.6328060336256242,-0.7107856861915557
-0.6335060142699775,-0.7115421440819565
-0.6342059949162026,-0.712298474497618
-0.6349059755643279,-0.7130546775357155
-0.6356059562143825,-0.7138107532938962
-0.6363059368663961,-0.7145667018702702
-0.6370059175203978,-0.7153225233634131
-0.6377058981764164,-0.7160782178723661
-0.6384058788344816,-0.7168337854966342
-0.6391058594946221,-0.7175892263361855
-0.639805840156867,-0.7183445404914531
-0.640505820821245,-0.7190997280633339
-0.6412058014877848,-0.7198547891531876
-0.6419057821565162,-0.7206097238628358
-0.6426057628274664,-0.7213645322945632
-0.6433057435006657,-0.7221192145511188
-0.6440057241761419,-0.7228737707357095
-0.6447057048539239,-0.7236282009520077
-0.6454056855340402,-0.7243825053041437
-0.6461056662165187,-0.7251366838967107
-0.6468056469013889,-0.7258907368347627
-0.6475056275886787,-0.7266446642238149
-0.6482056082784168,-0.7273984661698392
-0.6489055889706309,-0.7281521427792711
-0.6496055696653494,-0.7289056941590032
-0.6503055503626012,-0.7296591204163901
-0.6510055310624133,-0.7304124216592418
-0.6517055117648146,-0.7311655979958303
-0.6524054924698333,-0.7319186495348844
-0.6531054731774965,-0.7326715763855904
-0.6538054538878334,-0.7334243786575955
-0.6545054346008705,-0.7341770564610014
-0.6552054153166369,-0.7349296099063681
-0.6559053960351594,-0.735682039104713
-0.6566053767564662,-0.7364343441675131
-0.6573053574805854,-0.7371865252066976
-0.6580053382075436,-0.7379385823346549
-0.658705318937369,-0.7386905156642278
-0.6594052996700895,-0.7394423253087177
-0.6601052804057317,-0.7401940113818785
-0.6608052611443237,-0.740945573997924
-0.661505241885893,-0.7416970132715179
-0.6622052226304661,-0.742448329317783
-0.6629052033780708,-0.7431995222522962
-0.6636051841287345,-0.7439505921910868
-0.664305164882484,-0.7447015392506432
-0.6650051456393468,-0.745452363547902
-0.6657051263993496,-0.746203065200259
-0.6664051071625195,-0.7469536443255613
-0.6671050879288837,-0.7477041010421103
-0.6678050686984683,-0.7484544354686582
-0.6685050494713018,-0.7492046477244173
-0.6692050302474096,-0.7499547379290451
-0.6699050110268187,-0.7507047062026564
-0.6706049918095561,-0.7514545526658181
-0.6713049725956486,-0.7522042774395489
-0.6720049533851227,-0.7529538806453202
-0.6727049341780044,-0.7537033624050548
-0.6734049149743204,-0.7544527228411289
-0.6741048957740979,-0.7552019620763705
-0.6748048765773624,-0.7559510802340561
-0.6755048573841412,-0.7567000774379203
-0.676204838194459,-0.7574489538121413
-0.6769048190083443,-0.7581977094813552
-0.6776047998258213,-0.7589463445706434
-0.6783047806469173,-0.759694859205543
-0.6790047614716581,-0.7604432535120405
-0.6797047423000698,-0.7611915276165695
-0.680404723132178,-0.7619396816460199
-0.6811047039680086,-0.7626877157277278
-0.6818046848075885,-0.763435629989483
-0.6825046656509425,-0.7641834245595199
-0.6832046464980973,-0.7649310995665305
-0.6839046273490778,-0.7656786551396498
-0.6846046082039096,-0.7664260914084661
-0.6853045890626192,-0.7671734085030184
-0.6860045699252323,-0.7679206065537919
-0.6867045507917731,-0.7686676856917227
-0.6874045316622681,-0.7694146460481984
-0.6881045125367425,-0.7701614877550528
-0.6888044934152218,-0.7709082109445717
-0.6895044742977313,-0.7716548157494868
-0.6902044551842964,-0.7724013023029813
-0.6909044360749425,-0.7731476707386875
-0.6916044169696938,-0.7738939211906842
-0.6923043978685764,-0.7746400537935021
-0.6930043787716158,-0.7753860686821181
-0.6937043596788358,-0.7761319659919593
-0.6944043405902619,-0.7768777458589006
-0.6951043215059194,-0.7776234084192654
-0.6958043024258328,-0.7783689538098272
-0.6965042833500271,-0.779114382167805
-0.6972042642785271,-0.7798596936308679
-0.6979042452113572,-0.7806048883371349
-0.6986042261485425,-0.7813499664251705
-0.6993042070901079,-0.7820949280339895
-0.7000041880360771,-0.7828397733030527
